140735344203095
140735345519807
140735346825983
140735348132158
140735349438341
140735350744516
140735352050691
140735353356866
140735354663047
140735355969219
140735357275394
140735528150072
140735529457149
140735530776434
140735532082609
140735533388784
140735534695422
140735536035038
140735537394735
140735538715867
140735540022378
140735541328553
140735542634729
140735543940904
140735545247079
140735546553255
140735547859429
140735549179088
140735550485263
140735551791438
140735553097613
140735554403788
140735555709971
140735557016211
140735558322386
140735559649847
140735560956029
140735562262204
140735563568379
140735564874554
140735566180729
140735567486903
140735568793079
140735570109112
140735571415287
140735572721468
140735574027679
140735575333854
140735576640029
140735577946848
140735579253023
140735580715306
140735582021543
140735583327718
140735584670019
140735585977936
140735587290301
140735588599109
140735590112871
140735591435273
140735592743573
140735594065905
140735595372931
140735596680127
140735597991214
140735599302225
140735600638268
140735601945597
140735603266657
140735604580990
140735605894167
140735607247764
140735608554606
140735609875909
140735611217698
140735612536263
140735613846427
140735615160559
140735616469900
140735617782452
140735619089650
140735620402953
140735621709344
140735623015519
140735624321917
140735625628203
140735626934378
140735628240553
140735629546728
140735630852903
140735632204277
140735633510452
140735634816629
140735636122804
140735637428979
140735638735154
140735640041333
140735641348189
140735642654386
140735643960560
140735645266741
140735646572916
140735647879091
140735649185272
140735650491448
140735651797628
140735653134312
140735654469003
140735655775178
140735657081353
140735658387528
140735659693703
140735660999878
140735662306053
140735663612228
140735664918407
140735666224582
140735667530757
140735668836932
140735670143107
140735671449282
140735672780596
140735674086770
140735675392977
140735676699152
140735678005327
140735679311502
140735680617677
140735681923852
140735683244936
140735684551111
140735685857286
140735687163461
140735688469636
140735689775811
140735691081986
140735692388162
140735693703185
140735695009360
140735696443131
140735697749999
140735699056192
140735700362367
140735701668542
140735702974717
140735704280892
140735705587067
140735706893242
140735708199417
140735709505594
140735710811769
140735712117944
140735713424119
140735714786354
140735716092529
140735717398704
140735718704879
140735720011054
140735721317248
140735722623423
140735723929598
140735725250611
140735726556793
140735727862968
140735729169143
140735730475318
140735731781504
140735733129154
140735734435334
140735735808393
140735737114568
140735738420743
140735739726918
140735741033093
140735742339273
140735743645485
140735744951660
140735746259034
140735747565209
140735748871384
140735750184784
140735751490959
140735752797134
140735754103309
140735755433825
140735756739997
140735758046172
140735759352347
140735760658522
140735761964697
140735763270872
140735764577047
140735765883249
140735767204635
140735768510810
140735769816985
140735771123160
140735772429335
140735773735510
140735775041685
140735776356969
140735777663171
140735778969344
140735780275521
140735781581696
140735782888199
140735784194374
140735785500549
140735786806724
140735788398769
140735789705262
140735791011437
140735792317612
140735793623806
140735794929981
140735796236156
140735797566659
140735798872831
140735800179031
140735801485206
140735802791381
140735804097556
140735805403732
140735806709907
140735808016082
140735809337388
140735810715009
140735812021191
140735813327366
140735814633541
140735815968197
140735817274372
140735818599421
140735819905596
140735821211771
140735822517965
140735823824140
140735825130315
140735826436490
140735827742665
140735829048840
140735830370150
140735831676325
140735832982500
140735834288675
140735835594850
140735836959365
140735838276591
140735839582910
140735840889082
140735842195257
140735843501432
140735844807619
140735846113794
140735847419969
140735848726144
140735850032319
140735851353457
140735852682729
140735853988903
140735855295078
140735856631298
140735857938131
140735859277322
140735860591259
140735861897435
140735863203610
140735864509785
140735865815960
140735867122150
140735868428325
140735869734500
140735871040675
140735872385726
140735873691901
140735874998076
140735876304251
140735877610426
140735878916603
140735880233095
140735881539270
140735882845445
140735884151620
140735885457795
140735886807681
140735888113871
140735889420150
140735890726325
140735892032503
140735893377388
140735894683563
140735895989738
140735897295913
140735898602088
140735899908263
140735901224075
140735902530250
140735903839787
140735905145962
140735906452137
140735907758312
140735909064487
140735910370664
140735911676837
140735912983016
140735914328025
140735915634200
140735916940375
140735918246551
140735919552726
140735920892844
140735922201689
140735923507878
140735924900058
140735926206343
140735927512518
140735928818693
140735930124868
140735931431043
140735932737218
140735934043393
140735935388677
140735936694850
140735938001025
140735939307200
140735940613375
140735941937859
140735943244034
140735944550208
140735945856412
140735947249809
140735948626872
140735950042954
140735951392059
140735952698255
140735954004430
140735955315927
140735956641241
140735957947421
140735959253596
140735960577749
140735961883924
140735963206824
140735964512999
140735965819174
140735967125348
140735968431526
140735969737701
140735971043876
140735972399585
140735973705767
140735975017130
140735976323310
140735977674283
140735978980463
140735980286641
140735981592816
140735982908966
140735984215140
140735985521324
140735986827499
140735988133675
140735989439850
140735990753297
140735992059483
140735993365658
140735994671833
140735995978008
140735997284183
140735998629440
140735999935615
140736001241790
140736002547965
140736003863790
140736005169965
140736006476140
140736007785436
140736009092051
140736010398226
140736011704407
140736013017822
140736014333125
140736015648183
140736016961181
140736018274907
140736019581378
140736020887662
140736022193837
140736023505630
140736024842327
140736026152157
140736027555378
140736029016350
140736030334795
140736031640970
140736032947145
140736034253320
140736035559495
140736036865669
140736038202328
140736039508505
140736040829686
140736042135862
140736043442039
140736755219052
140736756535531
140736757841706
140736759147881
140736760454056
140736761760232
140736763066439
140736764372614
140736765678789
140736766984964
140736768291139
140736769597314
140736770903489
140736772209664
140736773515839
140736774822013
140736776138951
140736777445126
140736778751305
140736780057503
140736781363678
140736782669852
140736784020235
140736785326412
140736786672299
140736787978474
140736789284649
140736790590824
140736791897032
140736793242523
140736794548698
140736795854873
140736797175227
140736798481402
140736799787577
140736801093752
140736802399927
140736803706131
140736805012306
140736806318481
140736807624656
140736808930831
140736810237006
140736811543181
140736812849356
140736814194263
140736815500438
140736816821032
140736818127207
140736820633704
140736821962343
140736823268524
140736824574707
140736825880899
140736827187074
140736828493249
140736829799424
140736831105612
140736832411787
140736833717962
140736835024137
140736836368746
140736837674921
140736838994206
140736840300388
140736841606563
140736842912777
140736844218952
140736845525127
140736846831302
140736848137477
140736849443652
140736850749827
140736852056002
140736853362187
140736854668362
140736855974537
140736857319560
140736858625735
140736859940897
140736861247072
140736862553247
140736863859421
140736865165622
140736866471797
140736867777973
140736869084148
140736870390418
140736871696593
140736873002768
140736874308943
140736875615118
140736876921293
140736878266069
140736879572244
140736880893707
140736882199910
140736883506084
140736884812259
140736886118434
140736888506652
140736889835080
140736891141261
140736892485529
140736893791707
140736895097882
140736896404057
140736897710232
140736899016410
140736900362000
140736901679305
140736903039435
140736904345610
140736905651785
140736906957960
140736908264135
140736909570313
140736910876487
140736912182662
140736913488837
140736914795012
140736916101189
140736917407364
140736918713539
140736920042399
140737056677014
140737057992864
140737059299046
140737060605222
140737061911410
140737063217585
140737064523760
140737065829935
140737067136111
140737068442293
140737069748468
140737071054643
140737072360818
140737073666993
140737074973168
140737076279343
140737077624396
140737078939652
140737080245827
140737081552002
140737082858177
140737084164379
140737085470554
140737086776729
140737088082904
140737089389079
140737090695255
140737092001430
140737093307605
140737094613780
140737095919960
140737097226135
140737098551206
140737099866590
140737101172797
140737102478972
140737103785147
140737105091322
140737106397497
140737107703672
140737109009848
140737110327272
140737111633450
140737112945700
140737114254305
140737115561654
140737116867828
140737118174741
140737119497619
140737120817052
140737122124090
140737123430765
140737124737973
140737126044263
140737127355073
140737128661608
140737129972280
140737131282360
140737132589268
140737133897641
140737135204463
140737136510854
140737137817810
140737139125001
140737140445814
140737141752323
140737143058498
140737144371029
140737145680962
140737146989494
140737148298689
140737149606177
140737150915265
140737152222096
140737153529298
140737154836712
140737156143211
140737157449387
140737158755562
140737160061737
140737161379737
140737162685912
140737163992087
140737165298262
140737166604437
140737167910612
140737169216787
140737170522962
140737171829134
140737173135309
140737174441484
140737175747665
140737177053838
140737178360013
140737179666188
140737180972363
140737182364466
140737183670640
140737184976813
140737186283251
140737187606412
140737188934214
140737190269447
140737191575918
140737192883003
140737194189178
140737195495353
140737196801528
140737198107706
140737199413881
140737200720056
140737202098219
140737203405595
140737204711770
140737206017945
140737207324120
140737208630314
140737209936487
140737211242662
140737212548837
140737213855017
140737215161192
140737216467367
140737217773542
140737219079717
140737220385891
140737221692066
140737223013507
140737224319682
140737225625857
140737226932032
140737228238210
140737229544385
140737231275734
140737232681726
140737233987903
140737235294079
140737236600254
140737237906429
140737239212604
140737240518779
140737241824954
140737243131159
140737244454204
140737245760379
140737247066557
140737248372753
140737249678928
140737250985103
140737252291278
140737253597459
140737254903634
140737256209810
140737257515985
140737258822160
140737260128335
140737261434510
140737262740685
140737264046861
140725681979250
140725683286235
140725684592534
140725685899579
140725687205756
140725688511931
140725689818106
140725691124281
140725692430456
140725693736631
140725695042806
140725696369788
140725697675968
140725698982148
140725700294850
140725701616647
140725702929625
140725704235808
140725705541983
140725706848159
140725708154335
140725709460510
140725710766690
140725712072863
140725713379038
140725714685214
140725715991389
140725717297564
140725718603739
140725719909914
140725721216089
140725722536960
140725723843135
140725725149506
140725726455681
140725727761879
140725729068054
140725730374229
140725731680404
140725732986592
140725734292765
140725735669651
140725736976069
140725738282244
140725739588419
140725740894593
140725742200768
140725743523259
140725744829465
140725746135640
140725747441815
140725748747994
140725750054169
140725751360344
140725752666519
140725753972694
140725755278873
140725756585049
140725757891224
140725759197399
140725760503574
140725761809749
140725763115923
140725764432515
140725765740146
140725767047176
140725768354370
140725769660548
140725770967366
140725772273866
140725773580153
140725774886650
140725776193402
140725777500051
140725778806442
140725780113971
140725781422235
140725782728410
140725784035131
140725785350784
140725786656959
140725787963134
140725789305706
140725790611881
140725791918056
140725793224231
140725794530406
140725795836581
140725797142756
140725798448932
140725799755107
140725801061282
140725802367457
140725803673632
140725805015976
140725806322151
140725807628326
140725808949590
140725810255765
140725811561949
140725812868124
140725814174299
140725815480474
140725816786649
140725818092827
140725819399004
140725820705179
140725822011354
140725823317529
140725824623704
140725825955637
140725827261812
140725828567987
140725829874162
140725831180337
140725832486515
140725833792710
140725835098884
140725836405059
140725837711234
140725839017409
140725840323585
140725841629760
140725842935935
140725844242110
140725845548291
140725846863316
140725848169496
140725849475671
140725850797042
140725852103217
140725853409392
140725854715567
140725856021742
140725857328050
140725858634225
140725859940400
140725861246583
140725862552758
140725863858933
140725865165108
140725866471283
140725867840499
140725869146674
140725870452849
140725871880228
140725873197451
140725874503683
140725875809858
140725877123682
140725878432764
140725879741271
140725881056814
140725882463517
140725883770116
140725885091601
140725886398688
140725887719375
140725889026364
140725890333069
140725891639393
140725892945929
140725894253441
140725895560959
140725896867733
140725898175344
140725989230572
140725990539314
140725991845496
140725993151673
140725994457848
140725995764023
140725997070198
140725998391576
140725999697751
140726001003926
140726002310101
140726003616289
140726004922462
140726006240454
140726007546629
140726008852819
140726010158994
140726011465169
140726012771344
140726014162296
140726015468488
140726016774663
140726018080838
140726019396910
140726077066256
140726078372472
140726079678647
140726081023081
140726082329262
140726083635437
140726084941612
140726086247787
140726087553966
140726088860141
140726090166316
140726091472491
140726092778666
140726094084841
140726095408452
140726096743791
140726098050076
140726099356265
140726100670764
140726102015695
140726103321870
140726104628045
140726105934220
140726107240395
140726108546570
140726109852745
140726111158922
140726112465098
140726113771273
140726115077448
140726116393776
140726117699951
140726119006126
140726120312337
140726121618512
140726122924687
140726124230862
140726125537037
140726126843212
140726128149387
140726129455562
140726130761737
140726132067912
140726133374088
140726134680263
140726135986438
140726137302027
140726138608202
140726139914377
140726141220551
140726142526725
140726163261531
140726164567757
140726165873939
140726167180129
140726168486304
140726169792479
140726171098654
140726172404829
140726173711005
140726175017180
140726176323355
140726177640290
140726178946466
140726180252641
140726181558816
140726182864994
140726184171216
140726185477391
140726186783566
140726188089741
140726189395915
140726190702090
140726192008265
140726193314440
140726194620616
140726195926791
140726197248167
140726198554342
140726199860519
140726201166728
140726202472903
140726203779078
140726205124636
140726206430817
140726207736992
140726209060460
140726210368215
140726211674389
140726212987030
140726214293205
140726215599379
140726216905554
140726218226510
140726219532685
140726220838860
140726222145035
140726223451222
140726224757397
140726226102709
140726227408884
140726229183133
140726230489552
140726231795729
140726233101905
140726234408131
140726235714307
140726237020485
140726238326662
140726239644696
140726240950871
140726242257046
140726243563221
140726244869396
140726246175573
140726247481748
140726248787923
140726250094097
140726251400717
140726252706892
140726254013067
140726255319242
140726256625423
